45.7478999179,7.28857230626,17.9840864706,8.86120879823,13.0205611999,13.8558198963,1.40225379425
18.9279448413,7.57048888476,12.964844004,2.00717022502,16.5869941799,0.578995536391,9.35567837011
79.922279569,1.46934562323,1.64022931787,19.795298908,11.4563697102,6.13115023586,17.3492586058
48.2654371331,7.74934177041,7.38545648817,15.9899727234,16.4364497123,17.7341234122,0.677795142259
73.0831558037,2.76056556818,3.47930104593,15.4355142463,17.1837097955,5.08893857449,17.9892372483
60.2898302087,5.07745457161,6.18639740196,8.36420465467,14.3489243782,8.30086544977,3.49479622812
96.9120356272,3.52767357017,3.59460974658,12.8032021224,15.8413451445,5.62490940916,14.755460259
42.8295330783,8.05521128112,16.9923438961,6.83109828422,5.38442108499,14.7442170342,9.37465029317
44.0308500306,13.2188583532,9.14622743161,16.6564841784,3.94378430859,15.4646426644,13.4876332055
46.7425264913,4.35273322299,8.20753751183,3.71869406164,10.5480089957,10.3319931321,11.9420209843
44.412850201,12.1422540158,1.77684494105,6.13792524722,2.13987513824,0.495464680229,4.83300853345
11.6746501504,4.52934442504,13.0140325803,10.9727537236,8.59644225075,14.443233292,1.72362145081
57.8973140134,13.8530799727,0.0175835303277,3.54571025448,4.43021011553,19.748271982,2.32537327982
59.72026032,8.92411916275,8.22019624963,13.5345200488,17.7018867848,6.28974431419,6.75499283855
93.1320217073,18.7832824264,9.6627035468,11.5798043674,8.97117563262,8.58268198981,17.1658076681
47.8564112479,1.46032652759,9.14948348976,0.975401817542,17.2052311874,14.5944197111,15.2362865059
50.4934808045,9.63296076459,3.90569747629,3.42061647576,19.81866905,8.13703010218,11.871188189
46.1804468703,1.72394005266,15.8116417897,1.46079648822,1.96039994129,10.0665204784,15.8890053496
93.5218008844,6.34048176227,14.8614059589,6.74850255416,15.7973999182,3.06491862603,11.6745356621
96.047448855,17.926676611,2.50527499993,3.74778887561,1.4605705757,17.7538999499,6.20011575835
37.3933671139,1.37737520931,13.841986433,5.07627561426,16.1979683273,5.64068412422,6.28776711776
0.27706244011,6.51003864453,15.5052109956,11.0459267695,18.9637227523,1.72749161494,4.17889163613
76.4469151833,9.21183899684,2.8802335592,7.08279633114,6.85102409996,10.9510177917,0.907398039532
21.8329797115,2.45123413516,2.68568958798,18.8073414503,0.405253651146,0.0630127292165,15.0324333754
1.29536076727,8.72415481913,6.31928013854,6.81908436756,2.75398235482,18.3751717348,4.86634349013
43.5049553211,3.29368527121,9.68606438801,0.345024981171,9.03346926717,16.139413223,12.4971260257
58.7319420242,16.8821763271,6.41489047053,4.7400803366,17.4508467983,15.2124244081,6.48649184799
59.8206437434,17.7612391505,14.5816254182,9.45801182208,12.1978328459,12.4158717213,0.959099481853
1.65462047034,6.7820495011,3.92875507197,17.0162707641,10.4959653422,15.341391353,18.8889885262
12.1048001826,10.727009691,1.95411733129,11.2797436516,9.07904233754,8.21391656671,12.6402115826
87.2065426817,1.44669116305,14.3922479513,16.2830793421,3.91259097241,2.40244338522,19.8719781924
84.4539698719,13.2707332509,10.8828716969,2.62526822569,13.1419422717,16.0759190982,7.56176685882
17.9983007051,3.59992570618,15.7030032413,10.4920636143,16.5961815928,18.2525253509,12.441355185
23.405245646,16.8739243242,13.8802940577,4.71282964353,17.9339049967,8.78371241067,14.6347082509
37.9500374188,17.3834297147,15.7876703651,10.9146987526,0.697654452769,4.35966171325,4.25640781811
50.716965715,7.4643037466,18.0190820783,15.2943545553,10.79352293,8.26743276369,4.45298230618
5.47017828318,19.9927983992,7.32915511874,14.2554287196,17.8914451616,19.4641503282,3.80249399021
64.4443603936,19.9764546893,0.995498152786,17.5676636033,7.9328959624,12.2893786535,2.15968277579
24.6792672957,9.92924801508,10.2854333883,9.01053586303,13.201483457,11.7711026358,16.8507949352
23.4252321259,14.5526614172,0.492063844724,14.3661197068,13.6746886818,7.76736496022,18.6477646431
65.6703615905,13.9472743829,5.01138736547,11.4355590446,5.5905289085,4.03800982966,13.6669926689
25.7275862182,13.6086961346,3.69657897621,19.5073845405,12.8878086939,18.1639830632,11.3383949694
51.4458787782,2.7802165456,13.3536956564,8.93048612748,17.9431527065,16.653186642,1.84109905395
81.2800129515,15.6220206035,7.28815064542,13.9185444659,3.04038140713,8.36446667007,0.458487413263
2.92077433529,1.40657497696,12.026147309,15.2882967201,0.64406319674,8.99287898511,12.7196886657
34.7214389369,5.31149927625,2.53905392455,17.6820115479,0.0787817101648,5.16104672949,0.431878807947
4.50035629452,13.8318717177,14.2042116907,15.709680398,9.77358628443,17.3988081486,10.1053209119
94.8010746628,2.6109127819,6.81046923988,5.02272638916,10.1154580213,7.52237249355,10.0595153422
27.3776173248,17.7423043194,19.0560487575,12.9583053582,4.95104565602,3.15064472211,10.1392462602
71.5043510492,7.47136800432,17.9441494844,2.19971445756,4.99822524548,14.5986506786,5.14405498423
62.4133423641,7.78614842411,19.2876874406,14.0734251021,19.0170805456,14.1815567248,7.80125132377
87.4462091118,1.30742121092,19.2809038473,1.23223047272,7.30626475024,8.84477939358,4.45971881022
18.1356203714,1.99436983546,17.5345354645,13.77978582,7.91129214822,6.9774790581,16.3099474985
14.1251621428,3.28984757436,14.9421347969,9.80276255863,5.10209323165,11.2679112838,18.5498806048
11.9157531857,9.34298261363,9.50314819759,6.98023804802,6.98151088045,12.6012085682,7.21685954112
4.46416820211,19.2300309054,10.4024610453,8.77305427667,8.63689657892,1.1334195876,1.33261162675
33.621133516,6.00905692879,13.2177376593,3.84374997875,14.1994252837,10.0711074859,4.91222300246
94.5704250719,0.509428209013,6.98209173608,8.41286461285,0.658040959258,3.68047788233,14.3802217338
46.1357726679,8.28600077004,0.614760978357,0.852272328303,3.96742329056,8.85345273665,2.73215435312
33.1135422508,12.6465163735,0.904368121207,1.00490807174,8.43884735381,17.3596982019,12.429312483
8.05989785207,14.552181233,13.5228094277,18.6658505512,2.26027369437,15.6471330772,5.68475004675
67.6830559914,16.2313427395,13.2269131251,12.7596257005,5.64960031616,10.2997036121,14.2072024631
66.0276120575,16.0316147464,8.47475861906,19.2148951335,9.55991633392,7.09118542509,5.07711884099
28.4997711544,17.6532933007,5.04200449945,19.3214210774,7.38744627769,10.6968345695,5.59849259525
4.66129066137,18.2259776305,9.42034929041,5.03318113852,15.4300127896,4.11953802931,5.86938641015
9.86469270897,10.4002291084,15.5899061439,2.41746119476,6.70717917128,10.2532970674,1.17704645243
65.6271444437,7.58720595865,4.72436177227,13.1988634636,5.78171108631,3.86355529496,17.8951075936
26.7498360126,7.54965002483,8.92033158974,2.80981326433,6.84763116836,5.40971817285,18.5556166944
80.6882924368,18.3984660716,6.75804217418,2.22618797665,6.77025083089,4.23499704451,12.5030470832
29.5295415613,14.0113981058,16.3655015757,8.66732505122,12.6799922619,3.35419396737,13.6180134712
35.2987423219,8.83025902005,3.57964873517,7.78361227012,0.718489846978,14.2671880808,4.95410386642
32.630366571,14.8717667341,2.62038889284,17.0494476128,14.7774461767,3.83716127677,1.74579831588
29.7113983865,16.6487329969,7.57996589457,19.7061845983,0.920418693967,19.0730025157,0.609825471077
87.616963574,17.2923624288,12.9147669361,11.8595271523,3.50129348686,18.4006993,6.10278312438
55.4938677792,19.535567715,19.3777018465,13.1264493003,9.68755662544,4.44622389493,18.7252168027
50.7977041598,16.322435831,17.5390757075,5.05923257841,13.6615574423,3.41053478402,16.7510617442
31.5668510135,15.6544162618,2.8474397169,19.1721639922,10.3478148441,16.4896330829,8.83480431389
89.4535956465,0.991558506634,8.79548527332,17.7473289101,2.05837003944,17.134180161,7.18604321503
32.3079004589,8.67426348442,19.1522679535,17.9123430711,16.4354054398,15.4082958817,14.7444996635
58.0805318874,1.5540311656,17.3596933563,13.8532181617,16.4491452081,3.64716287946,11.9370824326
66.6499976035,9.45690825551,19.6056770026,8.67936620591,13.458845041,2.41250685971,0.435053189225
24.6453507457,6.09825015323,16.0046280531,17.8738722636,19.405563864,7.95906036996,0.9754506258
18.9271166838,16.4471723123,1.84691391539,10.7189257154,1.40834402524,7.54832928365,7.1361483775
91.3114597727,0.529658065278,5.76323894327,8.89840130062,7.60469375564,7.65569518447,13.3323347654
23.625376658,14.7256229758,16.1552194696,9.54503901879,4.64631707025,15.6420907656,12.8980715137
61.5841794456,3.48950287387,16.3312520417,3.84732683268,3.98909433664,3.49789502504,2.43807904047
29.2781221605,17.55435462,5.37847542495,15.9631287687,10.6995460325,18.2816910452,12.0569388567
36.1450033035,2.19527225608,13.5448825231,4.93369141576,19.3155923082,11.770108078,3.42145844406
52.1323254656,7.94356632165,10.6319490601,14.1749700776,13.9086271157,12.3452489373,7.61934644331
38.460225019,11.0056658636,13.1541431155,18.6805583197,1.82340277726,8.61370062947,10.1740498796
0.641186787021,17.170007072,13.3129949702,12.2186978142,3.35161469521,15.3504562322,17.0698482359
90.2568590222,15.8699662155,2.26997668996,1.52244958377,16.5162918928,14.8041287149,11.8271227625
40.5290741877,4.44412135399,18.474404184,6.97191819286,1.12603429943,0.919921636533,0.784006850882
97.9430781647,6.0830294479,2.02742277734,9.43776828099,15.9769845068,11.0570207053,8.18286589698
78.836948423,7.91535339186,8.62355144091,19.8709101979,7.22149936972,15.0171655813,6.36180094659
12.5773617117,8.38751973758,13.9871602343,14.8736166889,0.202593657052,10.5099891109,16.7214497299
10.8726855734,2.21499905781,2.81510897265,7.61424990453,7.77976187904,2.69103530804,1.87563320995
88.3240192325,5.66957591822,12.7261930821,3.52608567392,2.42748699131,0.128943588327,0.26004073047
3.36202920071,13.7526201263,7.88075684338,9.64504009038,9.43725057568,12.0389699484,6.37810047646
85.1070153761,16.1552457723,8.18178333548,5.13319065325,12.7484874497,18.2594220268,5.4985847926
28.262769841,19.0659488344,19.3378508795,10.9280400791,19.7548587619,11.0769058852,11.2899803674
10.4331168086,17.2720031311,4.32868527814,7.73372019834,15.2451903328,9.32069420589,1.65439942775
55.3593024521,1.17153659254,10.1579783071,19.2567856922,14.1780652906,0.836342146836,10.2862027835
77.4791547197,11.033387569,1.9410346965,1.45640775053,0.164676443036,14.0897963673,4.00694683226
81.3009577996,17.305143819,5.66236851244,15.8347558433,1.42247034707,12.2894477721,11.6721791971
63.3701105518,2.91527400946,14.6994452084,19.5898537578,0.465858488837,18.0848105899,4.94075049536
20.7460925273,6.85327541788,18.5917214456,16.4986708706,10.5257604431,4.72963516294,7.3152212544
23.4244120231,8.59427500737,9.45054006591,10.4919627784,2.4873463911,0.988298650434,9.43238853397
45.0513957857,5.63247307958,6.60027542165,15.2830457963,11.7438654457,9.16200410322,0.410310703069
87.8332236095,11.99345201,9.9574241598,3.49534299983,3.30826920859,11.4641506924,7.03114551141
71.1053827498,1.48580111172,4.98684603998,19.6232358874,3.79997769258,16.769828443,3.25647060997
10.0229600417,2.26519606605,15.4086916561,0.857973960784,11.2003443117,18.7919485816,14.8740807664
49.6249832268,10.5754747641,1.00198330494,19.993452394,19.2870155308,15.8679772901,8.07993399955
80.9231818255,7.25427883104,9.2267924621,18.1083807129,4.94741974441,2.19146408685,13.9152780494
20.4205745735,17.2693354438,4.75978348582,7.03197779968,1.80621593115,6.20728386742,8.95587116881
73.7670991027,15.2904790774,10.1411778432,2.05614800941,4.46082213898,8.83634579564,9.65747974546
69.2644417456,5.81602154165,0.0512989736075,16.2880013777,14.716571133,13.1962441578,2.80914849485
9.54791402506,16.5339826929,11.6919780431,6.11772325452,17.2178168393,16.4105528316,5.80823175513
9.04463049502,10.3877272278,12.7679203922,6.13188808868,19.3902124991,9.33783380594,9.40798839465
56.4066405241,18.8245428041,3.8143063226,18.4573415693,4.98217358961,8.94879093792,4.16164934316
62.2645108795,18.6642901713,4.45720313015,9.01604665778,19.3848948281,5.25810977073,13.278450796
49.6291401569,17.9714589125,10.1193524252,15.3275267939,19.8910766639,11.8349809967,5.75781748582
43.0619283634,17.5578086508,2.21545219015,6.20497036276,1.29956324105,2.94018746331,5.00316389341
11.8087417098,16.8790474244,2.43038176112,13.9079103449,9.37801181496,4.08573747191,18.7455485768
8.56224844592,14.9172779639,16.6163513948,1.81009398188,11.9340600239,6.82453725216,5.60398999588
38.9480477212,1.90976780554,12.9471220176,4.94410949659,3.62508921805,9.16515994298,11.1800439299
92.3723663491,17.3509553823,16.4585570828,17.4360374493,10.5023355318,10.0475243951,19.588628923
76.231617899,5.66193883254,10.052553091,19.912018978,5.25165408779,14.7129122856,0.0483976686957
28.7881890358,16.9734716734,18.5524032199,10.8105594148,16.1550635448,9.92456990166,1.09084092904
77.1070583604,13.3276648846,16.854447776,1.93768265456,11.8282844733,4.72798429824,10.0425714091
94.8317015881,10.2496430753,17.1579215591,3.31510348777,4.84515039453,18.7089209561,12.4978720499
84.0635730388,7.35363021019,14.3139462004,6.47012017837,15.492347615,12.7559493354,2.28745718792
56.0895809698,19.0046399277,2.06876480702,7.26922891407,17.1617592709,15.1807390819,8.71337014179
97.3106279538,13.1878192883,15.9759091277,9.36852379483,0.662627544575,4.02908389473,3.62049379264
85.7305870672,1.51646939485,19.1476281767,8.57556059403,17.8058109183,11.0736995284,16.7549068707
69.1359413193,8.29132692648,2.89687553209,11.9186945969,19.9947786667,10.1311588326,10.0924538373
10.585736776,13.7363144253,9.2389694519,13.9568932561,2.78305758074,19.0187449002,14.7949337612
51.7884307579,6.93130711912,19.3717295527,9.06583797065,15.6595621906,15.2758664432,7.01277390997
85.2389492899,19.8857332916,0.132627148875,19.4848798138,11.3187092116,10.2724180883,12.329268551
30.7773110872,5.34651969462,13.0884120713,9.66294107635,9.77384343275,8.60720408044,16.3964280354
81.800166453,7.16009362014,19.1589590269,4.48374762165,13.33849146,8.14428407891,1.27379773869
15.8995496414,6.60609391594,16.0667828754,18.6389184155,17.4393701227,13.2775863376,0.244140993617
14.4864603202,16.8686310101,9.22627621414,16.4800048101,2.17454194512,2.24313047486,9.82127738981
47.3423322688,17.2310706984,16.7916265931,16.3927435553,9.48009367838,14.2980965059,0.946315410735
32.3857860528,1.7044065948,11.0489945224,3.59994054563,0.942471462023,10.4713672856,16.7773332026
34.3116137499,18.4242119806,7.47435861395,13.68974999,17.2092544268,12.8680266215,7.2788837129
53.0089022599,12.6434333611,18.742368738,0.688132924108,7.47253579485,10.1213782377,16.8306151211
10.4285272871,3.06500753957,0.265290153703,14.5198742183,5.61871570319,14.7210380463,19.8555900131
96.4447599994,4.30930311809,10.8556706718,13.8847715473,7.83901891288,14.2392708115,12.2670942062
36.3581850444,15.6794175465,13.0097440289,17.2287592992,3.86113433719,14.0271705031,8.49995680707
75.6510242022,7.15737949318,18.8749454687,11.1565881121,1.78689445137,3.56349703207,4.39709452646
96.6075748096,2.24157855134,13.4167904928,15.553258482,18.5739078951,15.6233262437,14.0895639942
99.0780385649,15.6279274051,12.7177093867,4.75375110013,0.397196273288,19.0112016544,1.49440707587
21.2252309384,5.45637201557,9.04816752796,10.7757373447,4.90776641144,6.73379873916,6.19489948379
94.7394951296,15.9704936024,17.1653088871,1.57409069321,2.69051453839,9.86316646914,7.28923557622
71.9372075841,8.18497024207,1.92669310004,19.5920789418,12.0651134434,4.22504337039,6.19612241313
10.8466309666,3.06305432484,15.01807502,3.29318227784,18.2003470191,3.63583686,10.3078253004
39.9792552945,6.52510983235,1.98274986625,9.31542462459,14.0944487423,14.7344186646,12.0103673014
8.33236336053,15.5091520738,16.7502877515,17.9264535057,19.4578197262,14.1206036303,8.14314814774
55.0596212998,1.73215386865,2.04515455631,11.5316402543,5.00008579517,9.86632052763,15.9998408369
43.4131229638,8.81753448633,17.9327975428,1.12999300459,0.712036213307,8.50061530596,16.2306968584
21.4267173504,17.2994410656,3.41902697106,11.6281000409,8.14414938307,12.4303095183,15.8802309799
97.4153397139,9.23816477909,18.9434720791,16.8600996424,7.18382152425,6.51028719889,5.79568643853
59.5271899729,12.8873201827,11.3737937216,11.5937154576,19.0432881322,18.1798549706,8.72610774227
21.7835861871,0.651263441045,9.95768055711,12.0971972081,8.81677217065,0.406983902734,6.87710239185
66.7634360654,12.2955790744,9.98831720852,11.333846267,9.4276492647,12.6478728591,15.9410244455
32.703470542,3.72515243036,15.2522403265,12.1993088515,17.6504293861,7.88812081136,1.70735425334
42.5162996943,17.7686287711,14.0471316251,18.425275714,19.7588537514,2.21697424429,5.77727589593
56.537730678,18.2581685079,13.1915997756,0.0847409508706,7.24372276632,0.950783137515,15.4608910092
90.0506178724,3.30837426446,17.6678937118,16.4005677762,17.3280362627,7.81887916534,19.2421621131
83.0373928504,16.5542080645,4.62343476443,0.163591248145,7.11743601245,10.6696276351,16.1719821302
88.4101813891,13.9014850137,4.74472055913,10.9392390434,15.8064662814,11.2751823373,10.9119608893
61.1857322121,5.88093124256,4.65928286197,3.83602581054,15.2196858976,4.58517925232,10.3946515126
64.626770555,6.69466013189,6.93082008298,8.35432054087,16.5125065593,13.8175706078,9.37772583141
49.7982862065,16.549903274,7.28373602297,0.619479242074,14.6588851836,0.934297479986,14.7172975862
15.9103130333,16.2760130984,2.23228594057,4.01655651362,19.377007609,19.4238534566,5.09616263145
91.9866265316,4.55960064305,4.67784759112,8.40108826584,9.71281308602,2.9560689882,15.0054778353
74.7485332915,15.4541292129,4.35079274487,0.27603969625,15.3674508817,2.47323816429,13.1289002373
5.15312440444,18.8931657133,1.52770094127,5.25864940152,1.79559654614,5.24499415853,5.32123308076
10.5629320404,3.28718820292,19.5532519995,15.7569441881,3.56111296514,8.76993548392,7.56343732562
57.643503015,9.8634101267,6.76471726307,15.8746250279,18.6390369518,19.0886837723,17.2490058028
27.8884350024,16.3148436111,9.50859810235,8.68128138623,5.90587008879,11.6158306077,10.1336484631
47.6258278114,18.2200051172,10.3863698067,0.803979215374,6.4180927521,9.23513823812,7.98071208438
50.2804414324,5.73610790352,19.2988993427,14.3309874112,10.3539302409,10.3346735829,18.7223656568
86.6723319429,2.71795422921,6.35080142434,8.68097603402,0.0246045390756,19.3674258062,11.7384447673
11.0098710474,19.2532257417,9.31540972578,19.3808953721,1.90318345035,4.33598718036,19.6684914706
46.8795970273,7.05369507483,12.6481657506,14.3759098645,13.9547207451,12.2167093966,13.8786629758
26.6949065446,15.3968158916,14.7655549065,10.7881791595,12.7353142715,11.0752960211,19.1566990519
50.3322965433,11.2410844285,13.2781266295,5.57195783615,6.94170219732,3.03849025581,16.69849309
92.6672508956,14.2724049585,7.32094962424,8.65442366186,0.388874276946,10.2244834489,10.4565145427
10.4306365498,6.07999797577,15.0949333539,3.12006867615,16.740777889,8.49736608541,14.4261081478
85.549144092,17.5358702164,8.22146292201,5.09514658994,5.04524725353,4.95582276076,9.63276839551
72.2550711434,11.3352275169,15.9714583804,2.2683698102,12.7044003222,3.81381888427,15.3795942165
83.7086114563,4.34137057339,4.87533786269,19.5746819869,14.5534857116,19.3038532591,11.1559062505
43.2775662139,10.9996289917,6.30055850934,0.751486116422,14.0481595678,13.8427517272,18.7450648855
71.7534041458,7.76298850199,7.96281963189,18.6750284189,12.8104508093,19.4977468517,4.3185003334
94.021398413,2.40423231304,2.19970886202,19.7628744782,10.7409066075,9.11363341884,17.0544682884
40.1419553686,14.4637852344,11.9571505332,15.0768628989,0.833665391731,2.35585489779,9.9518340196
27.6933472223,19.9573556402,6.74300719923,3.67949434187,5.19773113555,9.63976676255,2.62433512247
15.1830993554,0.210015441878,8.61831840606,1.22113721016,16.2493970641,16.4865547419,12.2776856262
65.4059584165,17.4838441028,10.4340739128,3.52719171155,14.9014640639,16.3255209358,3.68040028957
44.7627711412,2.45422255508,15.381227892,2.27874928029,16.2768554401,9.64424458753,17.9185928123
28.3833194385,15.6645947316,9.48715759906,3.28956372213,9.61175334193,1.75672957844,19.978276247
23.5901461366,15.5177810368,17.165144211,16.3528987943,14.433912909,5.99345464634,18.530446341
84.2684568663,6.42114180288,1.33576961847,11.2654229977,1.28255803602,14.1822156515,13.4251110552
93.5642400894,10.1107584164,10.255884667,6.50905254885,13.9944389805,6.00890108211,6.88153084735
1.8020640813,6.10373269313,1.92602710176,13.4939627474,17.3564804513,15.8579941444,16.5851839295
42.4953609991,17.0701042108,17.6608466744,5.9055481222,5.95450674269,15.0774074776,4.3749690133
10.0197767962,3.71647473814,4.41136347362,18.9151371379,17.5848179103,12.2328162334,8.32018455111
80.7894127996,13.3760231947,3.09726390407,0.707901476024,12.628811805,13.5767877288,14.66195988
28.2074357453,13.6517481857,7.19122528016,17.5518250985,17.4372757716,1.75806334967,5.65179684794
86.9390826534,0.220519982037,16.6262901864,2.78916118042,8.23796385115,16.5181961707,2.23546026481
10.4968079146,6.80926830543,13.3292641802,7.95169017807,8.78055514511,9.22107827407,3.36191040085
66.8407144004,18.7740033742,9.31471017079,6.08236141968,8.30120661951,3.11978231971,16.721082022
86.6247072321,7.66603800383,17.0783201471,19.1131057463,19.0581442927,6.45787238907,16.5983244249
76.0665390217,8.64497863835,14.1051854561,16.6460759463,5.09570847958,10.9039484989,15.1135542347
65.8497688475,14.1711053639,14.3242271012,4.16314927682,10.3743677727,8.89534738701,0.0500297421171
51.3588296752,0.51906919885,17.1705500009,3.50601156699,4.01861561783,11.780742192,4.21888382448
90.0953108185,9.64040303228,6.43454205266,12.2676711946,2.11264445415,0.72671774991,8.09145644624
50.5076902075,8.8521702187,12.4767542531,2.54019068552,16.2923906365,11.0962889562,15.1997245107
84.0369055979,14.7952271982,16.0337898662,13.1230193638,12.0900987361,10.7153180936,3.55805861205
10.8390027739,4.09907541208,14.7077917071,16.2804749116,10.2179491735,4.76532605215,9.87906743659
9.41480000557,13.9879439118,10.1555075886,19.4462048448,15.3746866524,16.6747968445,16.2953332432
13.0020736833,2.91859805219,1.7138452989,13.3941381731,19.9658402012,1.06126656162,11.2573867796
61.4598119907,12.3019636377,13.3774576692,16.47677057,12.0473990877,4.02193780341,18.3418192156
71.3715014356,9.8882591273,0.531437859651,2.45547501981,13.1727075232,4.26922630333,0.877504626505
18.1266449659,14.9626674711,11.9916402917,5.68268585935,9.41442244088,13.7900970025,13.4567629371
71.8907832482,10.9993332948,1.24507626408,14.832765909,8.61445707871,17.8549550744,1.77508496587
21.8062545207,1.44976954499,6.14518912261,17.7741684403,7.98882550184,15.3741866869,3.69702786201
21.8286153138,4.49104449951,4.04768041707,9.98418238003,14.6480710123,4.23142419843,19.1080282383
51.8235619116,8.81739329287,5.1944899354,13.5848966915,18.3849671977,19.9229061615,12.6608560574
0.268673324808,19.5606828744,4.79044880258,4.08077086323,10.0153771532,18.8089405265,12.5600751201
77.5307206551,13.9682923357,16.4929961185,12.8502794334,6.96920691314,13.0333908888,7.8988058743
66.824841496,10.695896823,6.62504034366,19.3588377225,3.74381486221,16.3092117108,2.20924037949
50.5309999148,2.18857551408,9.14953825424,17.9612246052,6.58716411839,11.5345138347,13.5338203178
77.037557847,8.93567694715,3.72452135017,18.39181109,4.35860473039,6.6134503054,6.58718476308
90.6396614056,19.3041108536,16.6729131706,14.7935852625,12.6821678523,1.31963180725,17.2058592963
18.8765141327,7.10016560292,16.9911310946,13.5234827517,11.5967570383,14.6614581719,13.8146984397
78.6049030175,2.49067820939,3.04486414399,10.0546147538,8.73860961835,18.0499280873,13.0821746184
46.8061592614,0.683235282794,8.08309511805,2.85848235661,12.8255823381,3.03377331369,13.9341735527
38.6044147942,17.4724966862,2.63814625373,18.3612153811,10.6785314467,7.21375122481,2.74768818084
47.4386447077,1.88351052503,6.21102940256,5.44587975041,5.64089675508,3.31535178263,5.94818410341
15.8823971388,7.65360609726,7.38926415026,10.0509781834,15.3204182273,5.8304285078,14.4040916042
26.059360336,4.24301925681,16.0407866844,0.721401208554,17.7361270681,0.19694813784,10.8712622926
86.9154299935,3.57476697396,7.54025963948,2.81791340766,8.2482123774,12.7231275886,10.2974633527
45.6623912218,12.9373437288,18.0227378354,18.6436095779,13.0810677856,8.84072690479,17.6805081636
56.8385486619,10.5999251876,6.5546592119,19.7946701073,18.6081854604,10.5749018686,13.3881846755
78.969319013,14.007123825,3.45203373877,18.3588856578,8.4366659238,1.82568152949,1.35199423822
89.0881632217,4.62687897285,17.2960377471,10.9176531257,15.1768476077,3.70831888375,5.38363782128
9.3159614157,15.972504596,3.34233348445,5.86925199913,15.6725509263,3.40406152905,12.4713619842
20.3811474029,19.6248086533,18.8738312039,3.44683820953,18.6324261508,11.2329801128,15.4249362079
18.2398100782,7.60856069529,18.5124269343,17.2534760571,17.8741702491,8.6132063171,2.510816027
12.2382276421,15.7866170074,0.5082437588,12.4889359774,18.5517896753,11.7578098361,15.0719138137
86.5151807819,15.9316768959,17.7482569557,4.42923924851,16.2646019607,6.74763151898,10.8650084445
35.5050586028,11.0130301984,11.3734127472,12.1153362913,2.76908723655,15.9629541192,7.77969613086
60.9624888866,15.1831859583,19.3359194398,2.51171307968,12.8539269677,19.4059647856,4.3814077717
23.1551810658,3.49672359265,16.9894778017,4.48664626519,0.623257799477,15.9637426904,5.84488979755
4.86012771545,13.087522706,2.22337292916,14.4053449264,2.51375578356,11.7913445515,16.7834201701
0.765718710583,12.9643130793,3.62578909623,6.77350280261,15.8011798976,0.755453345279,11.4147541169
73.7442414836,17.0853664795,11.6086130642,1.78283689906,18.2950860747,7.17974515674,18.4260723047
47.7319476384,17.6055163764,4.16104247575,17.0251350361,5.09971231702,18.8916998811,19.430232644
55.6581461971,18.3295490257,13.2922320081,19.0976928381,11.2078420962,15.2493238408,8.43777577886
6.07465721582,3.05681383671,15.8813578633,1.20534484538,7.98791814377,8.66928356238,16.3868185988
33.8800343559,2.6648358064,13.8009810506,5.56341856786,8.57300844906,0.432778294906,8.97619105549
30.9820372089,2.18719676808,15.3232396407,15.6890410207,17.6721942239,13.4555638963,17.7928491
70.3980180861,15.14724493,9.30092680419,0.124688258974,18.1194276378,4.02204669173,5.1177492792
62.7552643561,14.9583688366,12.0952407503,2.16046855979,8.78505098221,14.2957493484,16.946387909
21.7697912583,0.831371025964,0.0503647627676,18.5358344612,13.009459014,19.6705627467,0.336924128222
79.2283518371,19.5456935937,8.07799893698,2.52896572941,14.9765463592,9.18622785869,14.7588877143
21.1885200322,10.3574440576,8.57108778417,8.68411501443,5.4396992548,12.2486595616,16.2525201625
9.32167601992,5.17373308974,6.49772721343,19.1956768644,12.4225692239,0.350284080038,15.6224274096
69.9139567688,12.4936729787,13.196909785,11.9632316454,0.441252836481,9.53966864633,13.5025109846
61.1125866249,10.5541027928,4.78048146356,14.0165006,1.64596282011,9.66661447424,16.2287268529
88.5555312818,18.7222768422,9.64435513518,12.8696143358,4.66661334609,5.66035786569,11.243593408
49.1597518034,6.17935632522,2.90145504932,4.53747248252,13.3907315319,18.071702348,2.96740473815
68.6305347996,3.1286953069,8.08441289738,5.98211991465,8.85397400713,4.27756896764,0.073795153983
63.8314129256,13.8806046595,18.6382400745,1.2317558065,16.3193136818,4.40990175243,11.9400416676
36.1806669403,14.9361578309,7.63188935105,15.2348161097,0.0177821781346,12.1544791231,12.0225028479
11.3600189413,18.4117184891,18.3492036602,16.7757580574,17.0109669284,13.8226613566,3.11917678967
86.4261272289,3.9544249212,12.4697779843,17.2718571567,16.4265601302,19.1837892113,7.25803088911
64.9451482841,0.808640514873,4.90452944999,15.9101640062,8.05070541037,19.0159487012,12.7206474372
63.9643384452,11.0321838492,1.70123817924,0.193901893011,12.494744313,10.669743104,13.5078508401
35.5796623882,5.10559726019,14.2408241152,8.12261595488,14.3137077723,7.64925919381,10.110708156
2.87830480764,5.95806947633,9.00333611429,7.91996791919,19.65960319,13.4871351751,11.8441789004
35.5157903351,9.28318723349,15.8604404007,19.0216443336,7.37495188514,8.92202169758,5.14395200897
86.2815596046,6.1440472231,8.29050578898,11.6789891828,6.61968408086,1.07701805859,1.92244411258
10.3689198756,8.94868837514,17.6508850661,11.3631572646,18.2802108376,14.5337767242,17.1102176259
63.012756109,18.6050241152,2.75948818045,10.3993511469,14.2671604394,6.930736276,4.45347956612
24.5788689243,7.91681947018,19.1887412152,16.2413909061,15.5257906836,11.0793492946,13.6939533953
70.760221597,1.36903865981,16.8477440512,6.27472160749,9.79686428038,9.09432778192,14.8905966082
75.5173473743,4.85119194133,12.3572166212,13.1054324063,3.1576358019,19.8513120736,1.56299267344
75.7279974128,19.6324914627,8.05169291132,15.2444482089,16.0352316948,9.98404990448,12.1448501722
37.8169015915,4.32363606163,0.039476969216,8.04109553359,13.7602363814,15.3562375148,14.0842049475
70.8569571294,4.67775116562,16.4094423549,12.6210747724,9.09190668587,11.6909785256,7.80369853943
42.108080694,19.2258821485,3.63668040016,2.98590681398,3.4410578627,0.181455251916,12.916887117
35.9112546296,8.65078681869,11.1673966342,7.95984766945,19.3241066752,16.7723963703,10.1655160965
15.2282114772,4.6457617489,5.42807655017,11.3680541915,1.16796315265,5.43143543606,4.34105426896
77.8669018438,5.13633920258,10.0712959524,16.7808559037,15.8697725261,0.651658810402,2.62756183621
21.114095134,17.4861569831,16.3164414425,15.1381460318,5.76261030037,18.4505102234,10.3038113063
2.3201083812,6.82967904033,10.6642605182,19.0647986513,3.25544479245,16.9226265541,11.4320751894
47.2141781443,0.464021079557,19.080952754,16.1267491336,14.4786927992,1.86836328822,17.9972147684
28.9922206298,16.4715306284,2.75543457984,5.65332670958,13.4740616031,1.53870066857,17.4855554799
12.3759278405,14.3488527785,14.3872996024,3.49989941488,19.1919330229,10.1129926808,3.56764502771
23.0577663164,7.01927364674,17.436014588,5.87617317774,2.87378451216,0.222264843938,1.60888383872
75.9868587676,10.4087835591,2.15065269572,14.8230290193,0.0166124017133,13.5340422122,0.991327785189
68.292642199,11.0676854834,11.5005980883,11.2714791916,10.9604961527,8.01608300296,19.8072163575
93.0627617154,7.99971616618,14.7172925769,10.5061238005,9.08709527805,11.7776557287,3.74381284407
38.4379730153,8.56324848744,13.5752209394,5.71997004542,10.0365654709,4.37717238315,19.3857737366
67.6467626705,17.5670344616,2.78998299022,15.84125519,17.7387568991,18.2570809017,16.8120682773
19.9413527068,4.21760591148,10.8868467925,6.14553676289,2.1809539269,1.79233468991,3.88330994335
68.6147956481,10.448299205,16.024810389,8.87780042847,13.304533999,5.12293771746,19.1547299214
21.1923672116,6.916004969,9.70666336599,16.8586381574,13.0938011314,14.0535901983,13.3285557447
6.63099915461,13.0817595345,10.6113777303,1.60850027446,15.6936503749,7.32700260409,9.04969631098
29.5669934628,5.00198405615,3.30715794955,14.2046858265,12.2137250284,12.7422213054,18.1099779993
18.3490086749,0.116670866678,8.13544114137,13.639319467,2.64750944761,7.93707668847,1.65648881833
21.2056691775,5.56594501166,17.3821277034,4.41591124595,14.5584278786,5.99272160177,3.74479075159
17.8222508434,11.3767452071,7.80968359752,13.0973980769,11.0314018754,19.153428907,0.22996079426
38.1982321509,6.56222617764,11.295077572,11.0131763266,12.4973504958,14.9662457326,3.63184638721
33.2729587536,9.78283264365,15.0969763577,5.7868081548,10.2891753561,2.97650881915,16.7209717379
35.7741318357,16.2907200773,18.7984055254,5.26817922809,12.3401208812,18.2980284289,15.4813500214
98.930673085,10.6128274011,13.2978248179,2.24510162174,18.9509516058,11.9822590451,17.7267147557
4.26785285297,12.3362865695,13.1284347245,13.652596938,9.13192197478,4.96105553303,14.702712751
75.0495348384,0.273982719214,7.12421255248,13.0186607844,4.73902415389,6.41178035077,5.71435740709
11.4498494704,5.54184850301,5.73343028659,15.0627164931,5.58202600901,9.83375614189,4.84674486049
64.7444436618,19.3181939351,5.15408563515,13.8050305059,13.5515714415,2.41956230242,11.5162972168
99.1865547532,8.43089266237,13.0962190623,19.4170277769,19.1247746242,2.13525590672,1.76158340679
50.3231829702,16.3969552162,14.0465391064,15.4625456401,19.6433456065,12.4761852003,0.295769004041
66.3160738669,5.31913765711,2.42789742419,11.9245365893,8.52982189582,0.337048020223,17.8683761358
97.6327667249,10.2767790129,2.58257926434,6.21073193576,13.4673105204,8.94727064946,1.97348310112
3.96318004077,15.2178842374,1.98187332963,8.46531527921,7.78831749841,2.77740305737,17.9468985142
11.7075785253,6.73999966885,16.2642965413,3.6309378321,12.3911017147,12.6887591065,1.92094217367
11.4052128147,18.6694191507,7.62074052708,8.96197462806,0.108443941055,15.4565310847,8.14924286186
46.5705062767,7.76253751468,8.42999605598,1.93304201431,18.0404088941,18.9438494664,0.628172661394
27.3930405089,7.66407184401,17.648610567,16.2211889902,8.82008225984,3.38190831878,5.68327501113
26.0131244148,13.6990216237,1.89596018058,5.49308475388,15.083853434,16.681472982,17.3605634542
18.1117812861,9.54371419122,17.4138847262,16.846244753,6.26694941839,11.2343447606,6.48163525027
6.7506060325,6.21618406991,0.520284201418,13.1552118199,3.46280045791,9.86467198758,19.745415531
88.6950750463,5.62160821929,6.77895610284,11.0695541635,15.8621228481,17.5716039388,2.17492904954
11.0984510707,19.6901036796,8.3383645223,15.0132324469,12.1652181918,3.86901706168,5.15366249189
71.6896156727,2.52818041892,0.356387395354,2.14968675393,16.5479535037,17.3385959757,15.5082792252
18.7608105202,4.24864852702,15.6609108896,17.6918757081,14.7050263766,14.3807069309,9.33068727858
41.5992556615,17.1844153784,15.5451480945,13.6312148707,9.11514110385,13.8796993001,3.32444852299
70.8763214787,16.3437210558,8.28853174921,0.69128835859,9.16729356438,18.0997914298,10.1181579097
40.3244708758,0.308417975631,17.2740064304,9.46840054252,3.7819655658,16.1771356933,2.12307388455
57.6564993626,12.6582374208,4.37861326604,19.6442784082,1.5867752113,2.42988336189,7.74606368981
60.4736648549,14.595985738,2.72416938648,12.830973802,14.2117720114,8.41401081328,11.4610505816
0.508881073346,4.84987925443,8.89040905263,19.7604563729,15.6163556624,15.9214728942,4.39151169165
68.3419142125,12.0183012649,15.0603190406,6.69030067029,16.6756037767,18.4655886033,4.54327800702
41.6065128493,5.40372348449,1.74422612755,17.7068043787,11.6453624794,10.5336133909,9.38949770454
17.003583514,11.5906108989,18.4543984931,9.63817641646,15.6967947641,18.9472759152,1.32780996625
25.01089576,14.9831815073,19.4761930101,11.304133948,19.0081501382,10.9689839039,5.31952877417
45.0144243766,1.0140413463,18.2776988968,6.6356272403,8.13689501586,9.80357204371,0.768970023908
12.1392960076,18.9718577609,10.0936206949,14.1878435346,1.72855915522,14.4587121912,2.22806436981
26.067832526,16.3697783745,15.6602122142,16.1374487711,3.04196293589,14.9966708071,9.59618233033
69.7113065239,11.2036951107,18.7646860306,0.168145617529,5.70455134991,0.386834176543,2.3428687167
89.1276963374,10.8678808406,0.573934174477,5.24247383098,3.92539824565,7.60790086496,13.1595258197
30.4561132756,3.33644144259,7.3740507838,0.796309632981,2.20184200844,0.441926097418,19.196105468
92.0406735189,3.96223875467,9.49320554947,19.1432387325,13.1303865852,12.9972757987,6.21763646612
61.8824676447,19.6061368242,2.97630071211,14.9970556747,18.7923200295,15.2683859475,13.8103299348
35.5151101244,14.73570203,15.1603552259,12.6503718376,12.1819111478,11.0631442207,0.290104964063
88.0394670965,6.19556750156,0.502858047247,7.48633808055,1.12882812857,7.11247527457,7.90019691042
33.7836843944,8.23915462213,18.0598307611,1.38817538435,8.58035401276,6.62616636309,13.0577910039
74.1643151433,11.1729800565,8.04693364821,2.88861939764,7.70319606065,12.9788914704,1.25084703644
91.2695626984,5.58800004693,13.1642058607,12.4732058459,4.29318918028,7.29529884388,15.1758909907
51.9327136061,3.19888987064,13.9651049659,0.151721012561,13.0125765289,2.37213368557,4.16019297108
39.1949372681,16.3580383011,7.49705324938,15.2959317475,7.76348842542,17.2500397362,19.543333488
21.1165507085,4.72517470022,6.24165005277,4.5419987439,5.32349135055,4.16751424326,2.73664279361
21.6630387311,4.20756717214,7.93910644616,9.45093770125,0.346806454482,15.6093123221,12.0834987527
50.5679173966,11.7332632614,3.99358015163,16.7881698457,15.3945735185,6.53208754775,16.6869913638
42.3875999196,4.39487819494,4.42792044442,10.1287785486,3.10555104959,13.4792149304,16.8144735061
72.1507979928,19.521255107,4.52840735162,13.5266136149,5.38065141464,4.95967708131,2.58529976894
69.0662116579,7.8437733409,1.44951244182,18.1781064014,4.26972429088,5.18167684789,13.6954533639
54.2118206092,17.8308417147,13.9431780954,9.48372869848,0.398823341903,9.43586935531,0.262986171495
90.388240063,9.67867419723,19.1839234336,18.1738440796,4.42149157201,7.5123734838,4.31994822499
57.129758077,7.61220583275,10.3737270099,10.4589555518,13.2624331167,2.82410385367,19.2913069252
93.5093223116,10.1047285369,6.95611697876,15.9687057925,3.16244536961,17.6927571946,0.0138783466823
78.531311532,5.98975113267,3.31639383366,1.11397611799,16.5381338103,19.5946577103,4.64308094211
9.49138136937,10.9018388745,7.15825120405,14.6964756505,0.101663270227,14.7662717246,14.0474914437
3.05486444921,3.22922616741,14.9944985108,10.2747020187,18.9896037849,5.41604535929,8.63000091443
9.94117816064,9.2595953073,16.7014955985,7.8891910616,2.7014965678,4.33293475888,0.147454790814
47.1396564075,10.9798889644,9.35983494424,14.2376007353,10.1011160308,19.5114635293,16.6217602044
92.9877916538,0.313881326731,18.6177523756,16.1096417872,12.1543809832,19.5878858015,5.40869356219
35.2460189258,0.733132124135,1.19215763882,17.5251588288,7.87179057648,11.2584351804,18.6008414936
20.6428079276,12.9904580376,14.6065588063,14.5462293949,0.843197178345,4.43146010561,1.9442115851
66.176522286,7.43290179527,12.2265271425,15.3176238961,12.9102972669,16.1844603275,3.16561571859
66.6532695085,4.66971324857,8.61535065305,14.3214559122,2.7755024634,15.7704277951,7.80506685203
56.8587385296,19.2134685366,15.5007228679,18.545521214,11.1621410174,3.97261373657,4.37881984568
58.764411396,7.26864726753,1.06297978488,13.9786882597,5.95643452107,7.10513077493,14.2252441576
6.81886433131,10.4009831,18.6603021205,3.89430819904,5.40772224555,5.45770884854,2.5012943101
95.7059092572,13.6289316218,1.30917796824,6.20632709925,12.5225504496,18.6532496574,9.8274639224
48.2186577319,2.9357020192,9.75957217798,0.957282053486,2.35706431591,19.6135285145,9.14294472117
91.93043548,5.58458276498,17.3379965485,12.2062694213,7.36544878357,17.6954453755,1.72441276443
21.2609885877,9.36872589516,2.27577274966,4.01509781759,13.3156370197,17.3900367707,3.81320769336
1.23454383505,3.6743303596,17.1021183922,1.88169711103,4.85313882233,18.4296139905,9.10584090618
22.8717920372,0.733623635421,17.4209878445,11.2823717178,12.7127162497,0.9673156186,13.8500978056
14.3798485082,8.8645215674,19.1104473123,16.2019987924,16.7066526482,14.1393062191,11.9099023771
40.1406428901,6.5723063975,10.6675107593,4.70717512333,9.51956862756,2.99696758579,12.2046711349
47.233224312,19.9326539451,6.01924234014,6.8215869566,2.29513895986,11.8421341139,1.76793425624
31.1479495608,4.63532150355,16.3343957029,5.36578981867,11.4073131651,2.77860710846,8.68692908489
36.280622417,11.1429942407,18.4458201778,12.2549794488,19.9857152394,15.8615187618,4.09793559653
3.09079863612,13.8418766519,4.34583091487,17.6733122112,2.90565720597,10.2549703792,16.2145796283
62.7553164998,5.61822178928,2.37755216493,12.7424331831,10.1951553325,8.22744619381,2.55607806279
54.6171788861,16.5317113187,15.0510728695,1.19251517778,2.09960098789,11.4122690862,16.8556774203
