0,0,0,0,0,0,0
0,0,0,0,0,0,0
0, 3.0625,132.0625 , 359.9375, -1.4375,-90.1875 , 182.9375

0, 3.0625,132.0625 , 359.9375, -1.4375,-90.1875 , 182.9375

0, 3.0625,132.0625 , 359.9375, -1.4375,-90.1875 , 182.9375

0, 3.0625,132.0625 , 359.9375, -1.4375,-90.1875 , 182.9375

0, 3.0625,132.0625 , 359.9375, -1.4375,-90.1875 , 182.9375

0, 3.0625,132.0625 , 359.9375, -1.4375,-90.1875 , 182.9375

0, 3.0625,132.0625 , 359.9375, -1.4375,-90.1875 , 182.9375

0, 3.0625,132.0625 , 359.9375, -1.4375,-90.1875 , 182.9375

0, 3.0625,132.0625 , 359.9375, -1.4375,-90.1875 , 182.9375

0, 3.0625,132.0625 , 359.9375, -1.4375,-90.1875 , 182.9375

0, 3.0625,132.0625 , 359.9375, -1.4375,-90.1875 , 182.9375

0, 3.0625,132.0625 , 359.9375, -1.4375,-42.1875 , 182.9375

0, 3.0625,132.0625 , 359.9375, -1.4375,-90.1875 , 182.9375

0, 3.0625,132.0625 , 359.9375, -1.4375,-90.1875 , 182.9375

0, 3.0625,68.0625 , 359.9375, -1.4375,-90.1875 , 182.9375

0, 3.0625,132.0625 , 359.875, -1.4375,-90.1875 , 182.9375

0, 3.0625,132.0625 , 359.875, -1.4375,-90.1875 , 182.9375

0, 3.0625,132.0625 , 359.875, -1.4375,-90.1875 , 182.9375

0, 3.0625,132.0625 , 359.875, -1.4375,-90.1875 , 182.9375

0, 3.0625,132.0625 , 359.875, -1.4375,-90.1875 , 182.9375

0, 3.0625,132.0625 , 359.875, -1.4375,-90.1875 , 182.9375

0, 3.0625,132.0625 , 359.875, -1.4375,-90.1875 , 182.9375

0, 3.0625,132.0625 , 359.875, -1.4375,-90.1875 , 182.9375

0, 3.0625,132.0625 , 359.875, -1.4375,-90.1875 , 182.9375

0, 3.0625,132.0625 , 359.875, -1.4375,-90.1875 , 182.9375

0, 3.0625,132.0625 , 359.875, -1.4375,-90.1875 , 182.9375

0, 3.0625,132.0625 , 359.875, -1.4375,-90.1875 , 182.9375

0, 3.0625,132.0625 , 359.875, -1.4375,-90.1875 , 182.9375

